QueryId,DocumentId
1,78
1,44
1,58
1,51
1,28
1,83
1,7
1,53
1,74
1,57
2,154
2,185
2,125
2,165
2,103
2,131
2,153
2,149
2,118
2,156
3,217
3,228
3,201
3,271
3,242
3,293
3,249
3,225
3,265
3,253
4,383
4,354
4,365
4,319
4,359
4,379
4,303
4,382
4,398
4,377
5,418
5,415
5,487
5,414
5,480
5,461
5,485
5,455
5,444
5,451
6,599
6,540
6,497
6,503
6,529
6,554
6,523
6,570
6,533
6,492
7,685
7,645
7,675
7,636
7,623
7,653
7,630
7,642
7,629
7,702
8,774
8,748
8,763
8,775
8,788
8,781
8,726
8,707
8,760
8,723
9,820
9,899
9,843
9,902
9,854
9,849
9,876
9,891
9,895
9,814
10,931
10,932
10,913
10,984
10,930
10,929
10,903
10,904
10,985
10,995
11,1043
11,1056
11,1023
11,1096
11,1088
11,1015
11,1061
11,1040
11,1057
11,1026
12,1152
12,1117
12,1144
12,1177
12,1179
12,1112
12,1138
12,1108
12,1194
12,1131
13,1225
13,1223
13,1263
13,1245
13,1300
13,1232
13,1303
13,1294
13,1289
13,1296
14,1373
14,1371
14,1312
14,1364
14,1386
14,1389
14,1378
14,1328
14,1324
14,1325
15,1432
15,1426
15,1476
15,1449
15,1451
15,1456
15,1439
15,1416
15,1479
15,1472
16,1541
16,1523
16,1538
16,1537
16,1557
16,1543
16,1553
16,1586
16,1565
16,1552
17,1608
17,1659
17,1632
17,1681
17,1696
17,1619
17,1651
17,1697
17,1656
17,1654
18,1778
18,1731
18,1712
18,1734
18,1729
18,1741
18,1748
18,1781
18,1727
18,1702
19,1840
19,1807
19,1870
19,1864
19,1836
19,1866
19,1794
19,1808
19,1798
19,1803
20,1897
20,1975
20,1920
20,1956
20,1968
20,1880
20,1972
20,1909
20,1908
20,1910
21,2022
21,1984
21,2056
21,2025
21,2061
21,1989
21,2073
21,1995
21,2060
21,2046
22,2157
22,2081
22,2131
22,2140
22,2085
22,2117
22,2142
22,2118
22,2092
22,2076
23,2212
23,2252
23,2224
23,2211
23,2189
23,2266
23,2216
23,2249
23,2229
23,2280
24,2341
24,2310
24,2290
24,2327
24,2388
24,2344
24,2367
24,2337
24,2285
24,2322
25,2404
25,2406
25,2454
25,2474
25,2413
25,2473
25,2401
25,2439
25,2476
25,2437
26,2506
26,2508
26,2503
26,2535
26,2570
26,2578
26,2579
26,2573
26,2500
26,2516
27,2598
27,2676
27,2673
27,2656
27,2603
27,2612
27,2624
27,2604
27,2620
27,2634
28,2701
28,2704
28,2757
28,2681
28,2719
28,2770
28,2717
28,2771
28,2769
28,2710
29,2841
29,2774
29,2779
29,2848
29,2786
29,2780
29,2789
29,2838
29,2815
29,2849
30,2898
30,2947
30,2946
30,2954
30,2950
30,2934
30,2895
30,2919
30,2881
30,2940
31,3036
31,3032
31,3055
31,3004
31,2994
31,3020
31,3062
31,3035
31,3082
31,3074
32,3171
32,3107
32,3164
32,3147
32,3106
32,3142
32,3185
32,3094
32,3100
32,3129
33,3238
33,3195
33,3264
33,3197
33,3270
33,3249
33,3214
33,3257
33,3204
33,3193
34,3331
34,3359
34,3339
34,3335
34,3338
34,3308
34,3299
34,3349
34,3357
34,3337
35,3438
35,3434
35,3369
35,3400
35,3381
35,3395
35,3417
35,3454
35,3419
35,3421
36,3511
36,3552
36,3525
36,3549
36,3484
36,3558
36,3488
36,3534
36,3544
36,3468
37,3583
37,3628
37,3645
37,3621
37,3623
37,3601
37,3609
37,3624
37,3635
37,3652
38,3680
38,3679
38,3697
38,3692
38,3690
38,3683
38,3682
38,3661
38,3667
38,3691
39,3713
39,3708
39,3728
39,3709
39,3719
39,3718
39,3705
39,3726
39,3714
39,3712
40,3794
40,3787
40,3826
40,3828
40,3830
40,3734
40,3803
40,3773
40,3770
40,3769
41,3854
41,3840
41,3848
41,3857
41,3864
41,3919
41,3885
41,3891
41,3917
41,3903
42,3980
42,4022
42,4011
42,3986
42,3948
42,3996
42,4016
42,3927
42,3971
42,3987
43,4079
43,4085
43,4060
43,4116
43,4094
43,4102
43,4118
43,4062
43,4120
43,4031
44,4137
44,4220
44,4159
44,4165
44,4213
44,4158
44,4208
44,4131
44,4157
44,4205
45,4269
45,4265
45,4318
45,4301
45,4302
45,4313
45,4292
45,4256
45,4307
45,4294
46,4391
46,4406
46,4347
46,4409
46,4348
46,4362
46,4340
46,4334
46,4414
46,4370
47,4490
47,4460
47,4491
47,4431
47,4457
47,4516
47,4501
47,4434
47,4456
47,4444
48,4560
48,4525
48,4597
48,4598
48,4625
48,4554
48,4568
48,4584
48,4537
48,4617
49,4688
49,4677
49,4668
49,4672
49,4694
49,4695
49,4641
49,4699
49,4649
49,4640
50,4798
50,4741
50,4745
50,4765
50,4739
50,4825
50,4820
50,4777
50,4800
50,4786
51,4854
51,4866
51,4841
51,4905
51,4903
51,4911
51,4878
51,4923
51,4880
51,4872
52,4956
52,5002
52,4953
52,4952
52,4966
52,5030
52,5005
52,4954
52,5010
52,4974
53,5125
53,5093
53,5067
53,5127
53,5080
53,5061
53,5094
53,5110
53,5036
53,5034
54,5139
54,5156
54,5137
54,5149
54,5148
54,5159
54,5147
54,5163
54,5157
54,5144
55,5186
55,5228
55,5192
55,5242
55,5188
55,5224
55,5243
55,5246
55,5184
55,5205
56,5304
56,5361
56,5352
56,5309
56,5289
56,5262
56,5344
56,5307
56,5363
56,5301
57,5407
57,5425
57,5463
57,5415
57,5397
57,5404
57,5374
57,5452
57,5414
57,5435
58,5517
58,5492
58,5494
58,5499
58,5559
58,5534
58,5539
58,5530
58,5541
58,5500
59,5568
59,5597
59,5580
59,5609
59,5648
59,5569
59,5565
59,5624
59,5583
59,5625
60,5733
60,5687
60,5671
60,5677
60,5701
60,5730
60,5673
60,5690
60,5734
60,5698
61,5772
61,5786
61,5799
61,5792
61,5793
61,5831
61,5771
61,5790
61,5850
61,5788
62,5876
62,5943
62,5916
62,5867
62,5942
62,5904
62,5874
62,5895
62,5906
62,5873
63,5957
63,6002
63,5964
63,6045
63,5959
63,6021
63,5976
63,6050
63,6003
63,5988
64,6120
64,6073
64,6109
64,6089
64,6118
64,6058
64,6104
64,6090
64,6105
64,6095
65,6134
65,6188
65,6162
65,6199
65,6181
65,6190
65,6174
65,6167
65,6171
65,6226
66,6274
66,6254
66,6257
66,6275
66,6299
66,6264
66,6250
66,6300
66,6255
66,6282
67,6331
67,6323
67,6342
67,6309
67,6315
67,6393
67,6385
67,6361
67,6368
67,6314
68,6458
68,6488
68,6494
68,6426
68,6492
68,6457
68,6412
68,6477
68,6447
68,6451
69,6595
69,6559
69,6582
69,6542
69,6511
69,6591
69,6533
69,6504
69,6563
69,6601
70,6641
70,6607
70,6631
70,6666
70,6652
70,6697
70,6702
70,6687
70,6679
70,6684
71,6773
71,6705
71,6802
71,6791
71,6801
71,6775
71,6714
71,6719
71,6718
71,6782
72,6856
72,6827
72,6903
72,6882
72,6819
72,6839
72,6845
72,6893
72,6879
72,6809
73,6946
73,6954
73,6931
73,6920
73,6987
73,6962
73,6995
73,6926
73,6976
73,6941
74,7029
74,7083
74,7081
74,7019
74,7091
74,7002
74,7007
74,7075
74,7003
74,7064
75,7132
75,7114
75,7125
75,7185
75,7170
75,7137
75,7181
75,7126
75,7140
75,7173
76,7204
76,7272
76,7219
76,7214
76,7270
76,7293
76,7281
76,7222
76,7285
76,7207
77,7308
77,7387
77,7304
77,7381
77,7393
77,7363
77,7322
77,7332
77,7392
77,7303
78,7446
78,7417
78,7489
78,7483
78,7415
78,7448
78,7406
78,7478
78,7463
78,7447
79,7504
79,7522
79,7525
79,7493
79,7507
79,7523
79,7491
79,7521
79,7495
79,7513
80,7557
80,7616
80,7567
80,7570
80,7542
80,7617
80,7623
80,7571
80,7534
80,7558
81,7701
81,7708
81,7652
81,7689
81,7705
81,7691
81,7719
81,7628
81,7670
81,7629
82,7780
82,7804
82,7793
82,7763
82,7746
82,7822
82,7814
82,7791
82,7743
82,7729
83,7863
83,7917
83,7845
83,7885
83,7849
83,7915
83,7894
83,7891
83,7882
83,7897
84,7953
84,8010
84,7934
84,8011
84,8014
84,7957
84,7999
84,7982
84,7997
84,7952
85,8043
85,8034
85,8124
85,8087
85,8107
85,8035
85,8037
85,8104
85,8036
85,8091
86,8199
86,8163
86,8162
86,8164
86,8185
86,8125
86,8154
86,8134
86,8135
86,8200
87,8295
87,8317
87,8226
87,8293
87,8232
87,8283
87,8281
87,8255
87,8249
87,8272
88,8344
88,8358
88,8389
88,8404
88,8356
88,8405
88,8365
88,8369
88,8349
88,8418
89,8513
89,8526
89,8459
89,8436
89,8474
89,8522
89,8432
89,8464
89,8486
89,8505
90,8595
90,8559
90,8535
90,8539
90,8564
90,8598
90,8532
90,8568
90,8570
90,8599
91,8641
91,8639
91,8700
91,8647
91,8697
91,8646
91,8627
91,8695
91,8687
91,8679
92,8753
92,8722
92,8763
92,8752
92,8726
92,8742
92,8758
92,8774
92,8790
92,8783
93,8851
93,8834
93,8875
93,8822
93,8840
93,8885
93,8825
93,8886
93,8820
93,8878
94,8924
94,8993
94,8992
94,8934
94,8966
94,8947
94,8920
94,8994
94,8922
94,8989
95,9026
95,9003
95,9023
95,9014
95,9042
95,9009
95,9047
95,9083
95,9065
95,9006
96,9133
96,9154
96,9146
96,9190
96,9118
96,9132
96,9148
96,9127
96,9122
96,9094
97,9242
97,9253
97,9225
97,9260
97,9261
97,9286
97,9301
97,9245
97,9297
97,9221
98,9347
98,9333
98,9377
98,9396
98,9345
98,9332
98,9318
98,9353
98,9378
98,9351
99,9426
99,9504
99,9480
99,9420
99,9463
99,9457
99,9466
99,9434
99,9461
99,9421
100,9570
100,9517
100,9576
100,9564
100,9582
100,9557
100,9590
100,9555
100,9579
100,9506
101,9713
101,9691
101,9705
101,9621
101,9618
101,9666
101,9685
101,9623
101,9686
101,9651
102,9780
102,9778
102,9818
102,9798
102,9770
102,9760
102,9739
102,9796
102,9783
102,9743
103,9891
103,9897
103,9884
103,9913
103,9889
103,9832
103,9900
103,9841
103,9892
103,9909
104,10001
104,10007
104,9927
104,10006
104,9944
104,9992
104,9978
104,9940
104,9996
104,9988
105,10083
105,10035
105,10041
105,10084
105,10050
105,10051
105,10057
105,10059
105,10037
105,10063
106,10139
106,10194
106,10150
106,10131
106,10158
106,10160
106,10164
106,10115
106,10167
106,10203
107,10238
107,10296
107,10265
107,10298
107,10241
107,10284
107,10236
107,10306
107,10315
107,10292
108,10354
108,10320
108,10363
108,10331
108,10326
108,10388
108,10328
108,10395
108,10408
108,10330
109,10420
109,10472
109,10464
109,10446
109,10505
109,10470
109,10454
109,10450
109,10421
109,10452
110,10591
110,10529
110,10570
110,10568
110,10613
110,10544
110,10587
110,10525
110,10550
110,10578
111,10689
111,10634
111,10669
111,10650
111,10702
111,10694
111,10666
111,10700
111,10648
111,10685
112,10769
112,10791
112,10764
112,10750
112,10734
112,10803
112,10776
112,10736
112,10783
112,10781
113,10815
113,10854
113,10853
113,10882
113,10883
113,10902
113,10880
113,10888
113,10881
113,10869
114,10956
114,11010
114,10922
114,10995
114,10966
114,10941
114,11015
114,10978
114,11000
114,11007
115,11049
115,11068
115,11024
115,11050
115,11042
115,11039
115,11026
115,11041
115,11046
115,11059
116,11080
116,11161
116,11106
116,11152
116,11096
116,11129
116,11074
116,11133
116,11119
116,11109
117,11230
117,11186
117,11218
117,11204
117,11203
117,11180
117,11268
117,11228
117,11175
117,11258
118,11289
118,11343
118,11298
118,11354
118,11347
118,11366
118,11362
118,11333
118,11358
118,11378
119,11468
119,11471
119,11423
119,11419
119,11476
119,11464
119,11481
119,11422
119,11390
119,11383
120,11543
120,11498
120,11560
120,11547
120,11576
120,11514
120,11536
120,11495
120,11559
120,11502
121,11641
121,11616
121,11604
121,11687
121,11628
121,11637
121,11600
121,11647
121,11587
121,11657
122,11708
122,11742
122,11788
122,11717
122,11784
122,11691
122,11699
122,11716
122,11715
122,11749
123,11810
123,11802
123,11851
123,11881
123,11866
123,11865
123,11818
123,11803
123,11836
123,11877
124,11897
124,11962
124,11942
124,11940
124,11902
124,11924
124,11908
124,11926
124,11900
124,11954
125,11971
125,12046
125,12047
125,12056
125,12000
125,12058
125,11980
125,11996
125,12045
125,11974
126,12140
126,12126
126,12117
126,12135
126,12110
126,12130
126,12084
126,12113
126,12104
126,12124
127,12200
127,12250
127,12219
127,12262
127,12188
127,12217
127,12237
127,12260
127,12251
127,12233
128,12347
128,12306
128,12362
128,12274
128,12303
128,12289
128,12345
128,12280
128,12373
128,12349
129,12389
129,12451
129,12479
129,12424
129,12425
129,12441
129,12415
129,12430
129,12429
129,12394
130,12546
130,12505
130,12566
130,12582
130,12555
130,12528
130,12520
130,12489
130,12483
130,12511
131,12642
131,12624
131,12677
131,12617
131,12596
131,12621
131,12665
131,12678
131,12606
131,12625
132,12704
132,12758
132,12722
132,12701
132,12731
132,12711
132,12762
132,12737
132,12734
132,12687
133,12801
133,12850
133,12821
133,12778
133,12844
133,12856
133,12799
133,12811
133,12855
133,12869
134,12924
134,12947
134,12958
134,12972
134,12926
134,12929
134,12922
134,12955
134,12914
134,12916
135,12996
135,13050
135,12994
135,13051
135,13014
135,13039
135,13019
135,13043
135,12986
135,13064
136,13157
136,13112
136,13136
136,13101
136,13110
136,13089
136,13093
136,13145
136,13092
136,13085
137,13231
137,13210
137,13240
137,13267
137,13269
137,13270
137,13265
137,13248
137,13229
137,13251
138,13282
138,13311
138,13298
138,13308
138,13326
138,13337
138,13286
138,13306
138,13314
138,13312
139,13395
139,13417
139,13372
139,13362
139,13346
139,13370
139,13357
139,13383
139,13399
139,13384
140,13524
140,13479
140,13522
140,13504
140,13465
140,13475
140,13509
140,13486
140,13448
140,13517
141,13579
141,13585
141,13581
141,13575
141,13573
141,13551
141,13552
141,13556
141,13544
141,13587
142,13661
142,13703
142,13671
142,13712
142,13674
142,13707
142,13645
142,13709
142,13697
142,13699
143,13776
143,13823
143,13810
143,13794
143,13778
143,13818
143,13786
143,13773
143,13760
143,13747
144,13915
144,13853
144,13928
144,13921
144,13920
144,13865
144,13849
144,13912
144,13841
144,13919
145,13997
145,14019
145,14030
145,13980
145,13943
145,13956
145,14012
145,13993
145,14020
145,14011
146,14085
146,14112
146,14076
146,14095
146,14136
146,14118
146,14127
146,14133
146,14088
146,14080
147,14233
147,14183
147,14171
147,14207
147,14208
147,14168
147,14203
147,14148
147,14151
147,14202
148,14260
148,14311
148,14322
148,14272
148,14290
148,14244
148,14252
148,14285
148,14270
148,14312
149,14422
149,14362
149,14405
149,14425
149,14355
149,14381
149,14354
149,14379
149,14356
149,14348
150,14450
150,14448
150,14456
150,14465
150,14478
150,14511
150,14446
150,14506
150,14460
150,14438
151,14570
151,14619
151,14545
151,14604
151,14598
151,14557
151,14534
151,14602
151,14606
151,14590
152,14677
152,14642
152,14656
152,14683
152,14665
152,14636
152,14658
152,14649
152,14685
152,14671
153,14708
153,14758
153,14773
153,14731
153,14714
153,14711
153,14748
153,14739
153,14712
153,14696
154,14853
154,14804
154,14835
154,14808
154,14789
154,14827
154,14834
154,14844
154,14867
154,14811
155,14965
155,14969
155,14983
155,14928
155,14902
155,14970
155,14991
155,14986
155,14895
155,14947
156,15077
156,15064
156,15051
156,15009
156,15082
156,15092
156,15001
156,15054
156,14993
156,15016
157,15159
157,15180
157,15151
157,15145
157,15109
157,15173
157,15190
157,15181
157,15129
157,15172
158,15250
158,15274
158,15218
158,15276
158,15261
158,15262
158,15202
158,15220
158,15290
158,15228
159,15360
159,15303
159,15351
159,15324
159,15347
159,15321
159,15371
159,15340
159,15352
159,15327
160,15402
160,15409
160,15396
160,15398
160,15446
160,15420
160,15415
160,15403
160,15444
160,15410
161,15565
161,15471
161,15509
161,15543
161,15517
161,15537
161,15531
161,15479
161,15550
161,15496
162,15575
162,15635
162,15643
162,15610
162,15656
162,15626
162,15576
162,15623
162,15606
162,15622
163,15717
163,15716
163,15705
163,15751
163,15662
163,15731
163,15754
163,15671
163,15692
163,15676
164,15820
164,15855
164,15793
164,15817
164,15861
164,15831
164,15780
164,15836
164,15771
164,15862
165,15898
165,15924
165,15930
165,15887
165,15944
165,15915
165,15869
165,15948
165,15891
165,15947
166,15963
166,15993
166,15973
166,16036
166,16027
166,16008
166,15952
166,15968
166,16009
166,16017
167,16068
167,16054
167,16107
167,16041
167,16133
167,16065
167,16066
167,16062
167,16087
167,16083
168,16186
168,16162
168,16165
168,16213
168,16151
168,16157
168,16177
168,16153
168,16181
168,16219
169,16311
169,16246
169,16274
169,16278
169,16258
169,16272
169,16238
169,16233
169,16266
169,16253
170,16408
170,16368
170,16361
170,16390
170,16384
170,16333
170,16378
170,16405
170,16365
170,16411
171,16526
171,16446
171,16492
171,16484
171,16449
171,16478
171,16499
171,16482
171,16504
171,16433
172,16588
172,16537
172,16556
172,16602
172,16605
172,16582
172,16611
172,16606
172,16538
172,16541
173,16643
173,16701
173,16652
173,16709
173,16638
173,16653
173,16680
173,16648
173,16628
173,16672
174,16802
174,16747
174,16783
174,16761
174,16807
174,16752
174,16732
174,16814
174,16786
174,16754
175,16841
175,16879
175,16913
175,16852
175,16902
175,16833
175,16867
175,16828
175,16889
175,16878
176,16978
176,16923
176,16952
176,16947
176,16921
176,16974
176,16945
176,16965
176,16937
176,17000
177,17074
177,17061
177,17092
177,17044
177,17015
177,17102
177,17023
177,17059
177,17035
177,17022
178,17143
178,17114
178,17130
178,17118
178,17177
178,17188
178,17121
178,17155
178,17136
178,17176
179,17208
179,17264
179,17260
179,17215
179,17277
179,17254
179,17289
179,17251
179,17203
179,17276
180,17348
180,17321
180,17362
180,17354
180,17359
180,17338
180,17357
180,17334
180,17391
180,17367
181,17487
181,17472
181,17419
181,17498
181,17500
181,17442
181,17471
181,17439
181,17448
181,17454
182,17562
182,17545
182,17571
182,17508
182,17561
182,17559
182,17563
182,17584
182,17568
182,17566
183,17672
183,17648
183,17699
183,17602
183,17663
183,17665
183,17684
183,17609
183,17654
183,17625
184,17778
184,17741
184,17773
184,17733
184,17700
184,17766
184,17770
184,17777
184,17731
184,17724
185,17871
185,17806
185,17865
185,17826
185,17855
185,17874
185,17886
185,17819
185,17882
185,17805
186,17915
186,17917
186,17900
186,17914
186,17910
186,17905
186,17913
186,17922
186,17909
186,17901
187,17925
187,17946
187,17979
187,17926
187,17962
187,17993
187,18017
187,17950
187,17976
187,17984
188,18106
188,18127
188,18111
188,18081
188,18062
188,18061
188,18117
188,18087
188,18052
188,18050
189,18174
189,18158
189,18134
189,18185
189,18220
189,18131
189,18211
189,18164
189,18192
189,18221
190,18325
190,18299
190,18257
190,18310
190,18314
190,18278
190,18248
190,18271
190,18300
190,18231
191,18362
191,18360
191,18416
191,18333
191,18397
191,18344
191,18385
191,18421
191,18408
191,18384
192,18467
192,18434
192,18500
192,18442
192,18433
192,18498
192,18439
192,18458
192,18480
192,18479
193,18570
193,18518
193,18530
193,18536
193,18578
193,18593
193,18577
193,18542
193,18612
193,18590
194,18713
194,18730
194,18690
194,18644
194,18680
194,18722
194,18658
194,18634
194,18708
194,18723
195,18788
195,18818
195,18808
195,18805
195,18783
195,18737
195,18750
195,18749
195,18792
195,18828
196,18891
196,18852
196,18832
196,18846
196,18927
196,18909
196,18848
196,18859
196,18932
196,18838
197,18970
197,18949
197,18974
197,18945
197,18991
197,18944
197,18948
197,18985
197,18980
197,18934
198,19078
198,19034
198,19064
198,19099
198,19060
198,19075
198,19086
198,19065
198,19023
198,19057
199,19210
199,19133
199,19116
199,19141
199,19187
199,19170
199,19154
199,19129
199,19203
199,19206
200,19222
200,19245
200,19225
200,19283
200,19255
200,19221
200,19262
200,19271
200,19264
200,19269
201,19375
201,19334
201,19358
201,19389
201,19369
201,19349
201,19309
201,19363
201,19339
201,19323
202,19405
202,19419
202,19428
202,19474
202,19453
202,19456
202,19466
202,19472
202,19410
202,19480
203,19522
203,19506
203,19555
203,19514
203,19511
203,19527
203,19592
203,19577
203,19576
203,19508
204,19640
204,19677
204,19641
204,19617
204,19651
204,19667
204,19631
204,19600
204,19692
204,19655
205,19738
205,19742
205,19761
205,19741
205,19765
205,19735
205,19788
205,19774
205,19755
205,19752
206,19861
206,19876
206,19816
206,19854
206,19841
206,19888
206,19808
206,19900
206,19862
206,19870
207,19908
207,19911
207,19918
207,19904
207,19906
207,19915
207,19910
207,19905
207,19923
207,19914
208,19963
208,20029
208,19995
208,19987
208,19975
208,20025
208,20039
208,19971
208,19943
208,19935
209,20106
209,20098
209,20066
209,20082
209,20044
209,20076
209,20110
209,20067
209,20100
209,20072
210,20170
210,20198
210,20158
210,20213
210,20215
210,20165
210,20168
210,20146
210,20139
210,20193
211,20255
211,20251
211,20247
211,20289
211,20326
211,20236
211,20254
211,20311
211,20315
211,20252
212,20347
212,20405
212,20410
212,20399
212,20426
212,20392
212,20406
212,20421
212,20419
212,20360
213,20486
213,20510
213,20511
213,20457
213,20488
213,20494
213,20503
213,20517
213,20504
213,20506
214,20601
214,20616
214,20629
214,20643
214,20570
214,20599
214,20553
214,20560
214,20577
214,20591
215,20668
215,20736
215,20656
215,20705
215,20664
215,20655
215,20697
215,20739
215,20653
215,20704
216,20798
216,20829
216,20801
216,20787
216,20816
216,20783
216,20796
216,20762
216,20775
216,20822
217,20845
217,20922
217,20846
217,20923
217,20890
217,20837
217,20917
217,20934
217,20848
217,20938
218,20967
218,20958
218,20991
218,20956
218,20974
218,20979
218,20947
218,20976
218,20964
218,21002
219,21088
219,21093
219,21063
219,21112
219,21125
219,21035
219,21078
219,21118
219,21111
219,21069
220,21144
220,21222
220,21147
220,21136
220,21192
220,21139
220,21188
220,21204
220,21189
220,21140
221,21324
221,21245
221,21246
221,21258
221,21231
221,21292
221,21319
221,21271
221,21263
221,21277
222,21347
222,21329
222,21348
222,21379
222,21339
222,21331
222,21407
222,21360
222,21408
222,21403
223,21507
223,21448
223,21429
223,21462
223,21460
223,21432
223,21452
223,21423
223,21497
223,21480
224,21518
224,21519
224,21609
224,21599
224,21603
224,21558
224,21565
224,21585
224,21593
224,21590
225,21628
225,21694
225,21638
225,21672
225,21697
225,21704
225,21647
225,21683
225,21655
225,21615
226,21725
226,21726
226,21751
226,21741
226,21756
226,21728
226,21771
226,21769
226,21748
226,21775
227,21866
227,21833
227,21888
227,21872
227,21829
227,21847
227,21906
227,21817
227,21902
227,21819
228,21929
228,21931
228,21921
228,21925
228,21951
228,21923
228,21928
228,21936
228,21912
228,21915
229,21982
229,21968
229,22035
229,21972
229,21981
229,22000
229,21966
229,21995
229,21978
229,21955
230,22056
230,22054
230,22073
230,22075
230,22093
230,22138
230,22087
230,22141
230,22103
230,22139
231,22233
231,22172
231,22240
231,22166
231,22150
231,22163
231,22211
231,22225
231,22184
231,22168
232,22290
232,22292
232,22304
232,22259
232,22258
232,22299
232,22262
232,22286
232,22302
232,22277
233,22405
233,22352
233,22408
233,22346
233,22341
233,22329
233,22364
233,22418
233,22412
233,22376
234,22485
234,22446
234,22452
234,22489
234,22504
234,22424
234,22447
234,22442
234,22492
234,22460
235,22510
235,22530
235,22535
235,22533
235,22514
235,22536
235,22542
235,22524
235,22531
235,22513
236,22623
236,22564
236,22637
236,22612
236,22599
236,22593
236,22572
236,22586
236,22618
236,22632
237,22717
237,22684
237,22690
237,22727
237,22655
237,22646
237,22641
237,22675
237,22738
237,22735
238,22793
238,22794
238,22750
238,22829
238,22760
238,22810
238,22789
238,22795
238,22828
238,22826
239,22882
239,22910
239,22874
239,22834
239,22895
239,22859
239,22850
239,22908
239,22861
239,22840
240,23011
240,23035
240,23018
240,22944
240,22946
240,23024
240,22987
240,23021
240,23015
240,22977
241,23133
241,23054
241,23053
241,23079
241,23047
241,23074
241,23050
241,23085
241,23136
241,23073
242,23215
242,23180
242,23164
242,23202
242,23218
242,23204
242,23151
242,23207
242,23161
242,23145
243,23286
243,23263
243,23306
243,23324
243,23282
243,23295
243,23329
243,23248
243,23319
243,23318
244,23427
244,23408
244,23352
244,23409
244,23395
244,23357
244,23363
244,23402
244,23373
244,23392
245,23481
245,23547
245,23467
245,23455
245,23466
245,23465
245,23528
245,23475
245,23464
245,23462
246,23653
246,23571
246,23662
246,23587
246,23609
246,23632
246,23646
246,23586
246,23597
246,23561
247,23686
247,23718
247,23685
247,23703
247,23688
247,23680
247,23687
247,23693
247,23710
247,23681
248,23760
248,23784
248,23749
248,23753
248,23794
248,23804
248,23792
248,23772
248,23738
248,23737
249,23911
249,23895
249,23834
249,23868
249,23823
249,23897
249,23833
249,23875
249,23914
249,23825
250,24020
250,23990
250,23921
250,23999
250,23928
250,23955
250,23941
250,23981
250,23954
250,23960
251,24070
251,24059
251,24103
251,24051
251,24063
251,24115
251,24058
251,24071
251,24048
251,24049
252,24135
252,24151
252,24191
252,24187
252,24178
252,24131
252,24149
252,24214
252,24130
252,24176
253,24316
253,24272
253,24314
253,24309
253,24266
253,24317
253,24300
253,24236
253,24293
253,24238
254,24344
254,24345
254,24351
254,24367
254,24346
254,24354
254,24355
254,24337
254,24349
254,24356
255,24458
255,24431
255,24432
255,24400
255,24414
255,24468
255,24470
255,24387
255,24480
255,24439
256,24538
256,24531
256,24484
256,24494
256,24577
256,24505
256,24526
256,24552
256,24537
256,24525
257,24621
257,24659
257,24673
257,24599
257,24671
257,24678
257,24652
257,24583
257,24612
257,24619
258,24730
258,24690
258,24724
258,24746
258,24687
258,24684
258,24756
258,24776
258,24688
258,24751
259,24787
259,24855
259,24824
259,24812
259,24841
259,24836
259,24876
259,24797
259,24879
259,24806
260,24983
260,24915
260,24961
260,24887
260,24936
260,24979
260,24962
260,24935
260,24948
260,24969
261,25055
261,25061
261,25021
261,25078
261,25063
261,25045
261,25074
261,24998
261,25018
261,25044
262,25146
262,25109
262,25147
262,25138
262,25130
262,25158
262,25165
262,25085
262,25149
262,25159
263,25219
263,25260
263,25251
263,25196
263,25271
263,25187
263,25236
263,25200
263,25270
263,25205
264,25333
264,25287
264,25306
264,25357
264,25330
264,25284
264,25355
264,25349
264,25289
264,25369
265,25400
265,25446
265,25388
265,25407
265,25440
265,25452
265,25418
265,25442
265,25378
265,25387
266,25500
266,25495
266,25527
266,25470
266,25525
266,25538
266,25476
266,25540
266,25546
266,25541
267,25570
267,25578
267,25562
267,25554
267,25563
267,25576
267,25551
267,25558
267,25582
267,25565
268,25619
268,25614
268,25621
268,25610
268,25603
268,25625
268,25615
268,25597
268,25588
268,25623
269,25663
269,25733
269,25643
269,25675
269,25650
269,25655
269,25645
269,25729
269,25665
269,25679
270,25806
270,25826
270,25808
270,25761
270,25794
270,25765
270,25758
270,25776
270,25805
270,25793
271,25878
271,25924
271,25848
271,25907
271,25869
271,25872
271,25882
271,25902
271,25846
271,25888
272,26015
272,25999
272,25984
272,25960
272,25947
272,26030
272,26029
272,25963
272,26031
272,25962
273,26052
273,26123
273,26062
273,26084
273,26095
273,26107
273,26049
273,26103
273,26040
273,26085
274,26208
274,26156
274,26211
274,26181
274,26189
274,26196
274,26155
274,26160
274,26202
274,26175
275,26267
275,26221
275,26273
275,26217
275,26317
275,26290
275,26243
275,26244
275,26311
275,26250
276,26368
276,26369
276,26331
276,26397
276,26382
276,26424
276,26341
276,26350
276,26374
276,26359
277,26501
277,26472
277,26488
277,26430
277,26437
277,26446
277,26453
277,26440
277,26443
277,26449
278,26586
278,26563
278,26602
278,26560
278,26581
278,26580
278,26599
278,26589
278,26518
278,26571
279,26645
279,26636
279,26660
279,26634
279,26651
279,26664
279,26629
279,26670
279,26667
279,26702
280,26715
280,26736
280,26718
280,26741
280,26710
280,26719
280,26711
280,26713
280,26722
280,26721
281,26774
281,26836
281,26821
281,26775
281,26753
281,26785
281,26817
281,26779
281,26814
281,26784
282,26909
282,26903
282,26886
282,26862
282,26893
282,26894
282,26945
282,26853
282,26896
282,26878
283,27003
283,27012
283,26964
283,27032
283,27031
283,26983
283,26980
283,27004
283,26960
283,27013
284,27066
284,27114
284,27059
284,27084
284,27119
284,27078
284,27080
284,27135
284,27093
284,27116
285,27227
285,27221
285,27235
285,27162
285,27183
285,27209
285,27211
285,27153
285,27198
285,27151
286,27298
286,27318
286,27299
286,27293
286,27289
286,27276
286,27334
286,27294
286,27247
286,27304
287,27409
287,27411
287,27370
287,27351
287,27415
287,27427
287,27406
287,27355
287,27395
287,27367
288,27454
288,27491
288,27475
288,27512
288,27498
288,27526
288,27481
288,27460
288,27482
288,27514
289,27569
289,27567
289,27619
289,27590
289,27553
289,27576
289,27607
289,27555
289,27601
289,27584
290,27730
290,27648
290,27736
290,27679
290,27669
290,27707
290,27741
290,27663
290,27666
290,27729
291,27777
291,27768
291,27851
291,27780
291,27840
291,27813
291,27806
291,27765
291,27751
291,27784
292,27860
292,27921
292,27945
292,27914
292,27864
292,27883
292,27869
292,27959
292,27925
292,27881
293,27968
293,27981
293,28044
293,28055
293,28008
293,28039
293,28025
293,27966
293,28024
293,28046
294,28086
294,28116
294,28104
294,28103
294,28075
294,28155
294,28146
294,28138
294,28136
294,28099
295,28206
295,28208
295,28193
295,28257
295,28180
295,28201
295,28246
295,28259
295,28268
295,28175
296,28273
296,28293
296,28346
296,28366
296,28330
296,28294
296,28328
296,28321
296,28345
296,28310
297,28415
297,28474
297,28453
297,28414
297,28419
297,28396
297,28435
297,28433
297,28448
297,28394
298,28485
298,28492
298,28546
298,28517
298,28543
298,28519
298,28480
298,28527
298,28509
298,28566
299,28632
299,28623
299,28629
299,28611
299,28618
299,28592
299,28606
299,28614
299,28615
299,28644
300,28716
300,28747
300,28732
300,28660
300,28690
300,28661
300,28728
300,28685
300,28746
300,28686
301,28823
301,28792
301,28831
301,28780
301,28774
301,28824
301,28782
301,28802
301,28778
301,28768
302,28846
302,28854
302,28934
302,28932
302,28898
302,28900
302,28942
302,28929
302,28860
302,28868
303,29030
303,29005
303,29012
303,29013
303,29021
303,28963
303,29035
303,28986
303,28985
303,29033
304,29046
304,29097
304,29063
304,29119
304,29103
304,29047
304,29120
304,29048
304,29052
304,29109
305,29155
305,29218
305,29179
305,29126
305,29188
305,29195
305,29136
305,29140
305,29194
305,29221
306,29270
306,29286
306,29232
306,29307
306,29236
306,29253
306,29284
306,29225
306,29260
306,29237
307,29332
307,29410
307,29392
307,29351
307,29354
307,29361
307,29338
307,29381
307,29335
307,29346
308,29510
308,29464
308,29467
308,29470
308,29451
308,29440
308,29476
308,29495
308,29482
308,29457
309,29610
309,29587
309,29535
309,29609
309,29604
309,29547
309,29554
309,29582
309,29581
309,29570
310,29639
310,29648
310,29646
310,29663
310,29703
310,29628
310,29699
310,29691
310,29686
310,29634
311,29771
311,29799
311,29726
311,29734
311,29776
311,29727
311,29797
311,29712
311,29775
311,29750
312,29815
312,29857
312,29876
312,29821
312,29873
312,29889
312,29886
312,29896
312,29866
312,29826
313,29917
313,29910
313,29934
313,29986
313,29973
313,29953
313,29956
313,29945
313,29921
313,29990
314,30060
314,30075
314,30043
314,30029
314,30041
314,30033
314,30035
314,30040
314,30042
314,30001
315,30121
315,30139
315,30098
315,30113
315,30125
315,30171
315,30148
315,30105
315,30146
315,30135
316,30206
316,30183
316,30241
316,30214
316,30242
316,30193
316,30221
316,30229
316,30230
316,30180
317,30268
317,30252
317,30329
317,30304
317,30297
317,30354
317,30269
317,30336
317,30299
317,30295
318,30367
318,30414
318,30450
318,30407
318,30411
318,30379
318,30378
318,30409
318,30398
318,30427
319,30471
319,30455
319,30474
319,30532
319,30525
319,30479
319,30488
319,30514
319,30492
319,30483
320,30609
320,30558
320,30590
320,30632
320,30592
320,30581
320,30631
320,30641
320,30573
320,30617
321,30667
321,30673
321,30739
321,30737
321,30734
321,30748
321,30691
321,30718
321,30703
321,30668
322,30782
322,30770
322,30829
322,30818
322,30842
322,30810
322,30758
322,30786
322,30798
322,30847
323,30892
323,30901
323,30890
323,30923
323,30879
323,30858
323,30911
323,30888
323,30954
323,30957
324,31018
324,31053
324,31070
324,30972
324,30983
324,31048
324,30981
324,31057
324,31062
324,30998
325,31098
325,31081
325,31107
325,31129
325,31090
325,31156
325,31076
325,31165
325,31087
325,31140
326,31199
326,31180
326,31266
326,31256
326,31273
326,31217
326,31213
326,31222
326,31209
326,31189
327,31357
327,31303
327,31329
327,31327
327,31292
327,31274
327,31340
327,31345
327,31344
327,31355
328,31387
328,31427
328,31420
328,31384
328,31403
328,31379
328,31390
328,31368
328,31380
328,31391
329,31446
329,31458
329,31437
329,31432
329,31441
329,31480
329,31493
329,31519
329,31457
329,31510
330,31560
330,31622
330,31620
330,31623
330,31607
330,31617
330,31571
330,31553
330,31578
330,31615
331,31641
331,31713
331,31628
331,31672
331,31712
331,31670
331,31651
331,31676
331,31639
331,31671
332,31731
332,31793
332,31720
332,31725
332,31730
332,31790
332,31795
332,31741
332,31796
332,31756
333,31846
333,31902
333,31865
333,31896
333,31908
333,31855
333,31872
333,31836
333,31841
333,31880
334,31950
334,31971
334,31993
334,31996
334,31982
334,31935
334,31976
334,32024
334,31995
334,31965
335,32049
335,32128
335,32039
335,32124
335,32102
335,32121
335,32113
335,32052
335,32034
335,32100
336,32147
336,32191
336,32169
336,32138
336,32178
336,32142
336,32168
336,32184
336,32156
336,32193
337,32267
337,32250
337,32269
337,32285
337,32300
337,32295
337,32233
337,32231
337,32248
337,32240
338,32358
338,32391
338,32427
338,32378
338,32337
338,32415
338,32371
338,32344
338,32353
338,32431
339,32494
339,32542
339,32461
339,32490
339,32498
339,32501
339,32518
339,32449
339,32496
339,32464
340,32616
340,32650
340,32626
340,32576
340,32620
340,32597
340,32624
340,32637
340,32610
340,32552
341,32731
341,32675
341,32740
341,32674
341,32657
341,32660
341,32714
341,32653
341,32743
341,32668
342,32762
342,32785
342,32780
342,32796
342,32791
342,32798
342,32800
342,32751
342,32759
342,32778
343,32904
343,32882
343,32908
343,32840
343,32894
343,32887
343,32854
343,32838
343,32901
343,32888
344,32941
344,32978
344,32950
344,32974
344,32988
344,32999
344,32969
344,32972
344,32945
344,32947
345,33058
345,33068
345,33059
345,33025
345,33083
345,33030
345,33069
345,33035
345,33079
345,33049
346,33121
346,33186
346,33107
346,33135
346,33174
346,33204
346,33124
346,33170
346,33199
346,33123
347,33209
347,33268
347,33238
347,33220
347,33297
347,33278
347,33216
347,33287
347,33291
347,33261
348,33372
348,33322
348,33320
348,33353
348,33395
348,33373
348,33376
348,33384
348,33325
348,33314
349,33464
349,33435
349,33416
349,33448
349,33511
349,33484
349,33476
349,33490
349,33498
349,33506
350,33568
350,33537
350,33556
350,33529
350,33543
350,33561
350,33518
350,33531
350,33542
350,33535
351,33577
351,33604
351,33665
351,33619
351,33592
351,33607
351,33645
351,33580
351,33631
351,33598
352,33751
352,33753
352,33757
352,33759
352,33749
352,33677
352,33702
352,33745
352,33732
352,33727
353,33835
353,33834
353,33842
353,33781
353,33840
353,33818
353,33837
353,33808
353,33799
353,33770
354,33950
354,33956
354,33931
354,33903
354,33880
354,33937
354,33881
354,33905
354,33872
354,33968
355,33991
355,33976
355,33999
355,34006
355,34002
355,33995
355,34041
355,33997
355,34020
355,34025
356,34125
356,34103
356,34114
356,34059
356,34067
356,34085
356,34133
356,34093
356,34064
356,34123
357,34164
357,34193
357,34226
357,34181
357,34235
357,34214
357,34228
357,34243
357,34168
357,34183
358,34301
358,34290
358,34316
358,34252
358,34282
358,34256
358,34255
358,34331
358,34305
358,34261
359,34390
359,34398
359,34387
359,34382
359,34404
359,34418
359,34389
359,34413
359,34429
359,34406
360,34509
360,34498
360,34473
360,34506
360,34489
360,34493
360,34515
360,34465
360,34443
360,34460
361,34543
361,34561
361,34604
361,34570
361,34584
361,34534
361,34573
361,34574
361,34527
361,34567
362,34626
362,34649
362,34646
362,34665
362,34659
362,34663
362,34628
362,34670
362,34652
362,34669
363,34755
363,34731
363,34762
363,34710
363,34728
363,34711
363,34766
363,34768
363,34744
363,34713
364,34772
364,34776
364,34823
364,34799
364,34804
364,34792
364,34783
364,34791
364,34819
364,34780
365,34831
365,34911
365,34900
365,34870
365,34834
365,34875
365,34859
365,34899
365,34889
365,34873
366,34979
366,34969
366,35002
366,34966
366,34945
366,34999
366,35015
366,34995
366,34941
366,34959
367,35091
367,35076
367,35031
367,35106
367,35044
367,35074
367,35043
367,35084
367,35094
367,35103
368,35175
368,35164
368,35140
368,35225
368,35221
368,35142
368,35230
368,35200
368,35151
368,35167
369,35301
369,35320
369,35300
369,35288
369,35269
369,35311
369,35251
369,35307
369,35234
369,35315
370,35345
370,35347
370,35386
370,35362
370,35378
370,35358
370,35377
370,35384
370,35351
370,35365
371,35474
371,35487
371,35413
371,35401
371,35450
371,35398
371,35482
371,35424
371,35456
371,35421
372,35537
372,35560
372,35516
372,35544
372,35504
372,35558
372,35491
372,35528
372,35509
372,35535
373,35642
373,35588
373,35633
373,35614
373,35577
373,35581
373,35628
373,35570
373,35627
373,35582
374,35680
374,35693
374,35691
374,35675
374,35671
374,35662
374,35688
374,35696
374,35694
374,35685
375,35775
375,35737
375,35769
375,35763
375,35756
375,35714
375,35743
375,35784
375,35701
375,35764
376,35876
376,35799
376,35814
376,35861
376,35838
376,35821
376,35877
376,35852
376,35855
376,35866
377,35887
377,35978
377,35915
377,35882
377,35968
377,35948
377,35913
377,35908
377,35906
377,35929
378,36033
378,36078
378,36016
378,36037
378,36063
378,36043
378,36028
378,36005
378,35992
378,36044
379,36115
379,36090
379,36133
379,36163
379,36165
379,36111
379,36101
379,36142
379,36166
379,36121
380,36189
380,36222
380,36235
380,36224
380,36240
380,36276
380,36280
380,36247
380,36215
380,36187
381,36377
381,36389
381,36324
381,36358
381,36306
381,36321
381,36388
381,36387
381,36297
381,36364
382,36417
382,36453
382,36397
382,36434
382,36475
382,36450
382,36427
382,36390
382,36454
382,36460
383,36499
383,36540
383,36487
383,36490
383,36575
383,36482
383,36486
383,36508
383,36584
383,36536
384,36592
384,36657
384,36661
384,36668
384,36648
384,36671
384,36647
384,36688
384,36609
384,36621
385,36695
385,36724
385,36748
385,36702
385,36768
385,36772
385,36758
385,36737
385,36750
385,36694
386,36834
386,36851
386,36857
386,36865
386,36814
386,36869
386,36877
386,36804
386,36786
386,36801
387,36950
387,36940
387,36923
387,36986
387,36932
387,36928
387,36941
387,36945
387,36899
387,36934
388,37070
388,37017
388,37067
388,37061
388,37022
388,37056
388,37018
388,37050
388,37038
388,37042
389,37183
389,37108
389,37154
389,37135
389,37103
389,37107
389,37105
389,37189
389,37112
389,37121
390,37228
390,37270
390,37197
390,37278
390,37254
390,37213
390,37262
390,37202
390,37272
390,37257
391,37354
391,37374
391,37386
391,37316
391,37344
391,37349
391,37310
391,37384
391,37304
391,37314
392,37444
392,37456
392,37435
392,37388
392,37439
392,37422
392,37466
392,37445
392,37424
392,37421
393,37531
393,37527
393,37547
393,37551
393,37500
393,37539
393,37492
393,37585
393,37496
393,37536
394,37600
394,37617
394,37608
394,37636
394,37612
394,37682
394,37687
394,37658
394,37618
394,37627
395,37724
395,37739
395,37762
395,37735
395,37690
395,37730
395,37748
395,37708
395,37764
395,37697
396,37792
396,37798
396,37814
396,37794
396,37791
396,37820
396,37828
396,37801
396,37809
396,37837
397,37880
397,37841
397,37906
397,37875
397,37842
397,37881
397,37917
397,37904
397,37868
397,37916
398,37933
398,37997
398,37999
398,37963
398,37979
398,37952
398,37957
398,38003
398,37934
398,37920
399,38015
399,38076
399,38112
399,38019
399,38056
399,38020
399,38070
399,38095
399,38101
399,38029
